0.00019698701
0.00019691999
0.000197195
0.000197307
0.00019724799
0.00019721
0.000196972
0.00019690501
0.00019676299
0.00019659899
0.000196547
0.00019651699
0.000196152
0.00019624901
0.000195467
0.000195147
0.00019460999
0.000193798
0.000192405
0.00019078801
0.000189484
0.000187435
0.00018550501
0.000183091
0.000181162
0.000178837
0.00017707099
0.00017514901
0.00017354
0.000172318
0.000171372
0.000170664
0.000169755
0.00016898
0.000168488
0.00016786301
0.00016780999
0.000167363
0.000167497
0.000166946
0.00016698299
0.000166767
0.00016670801
0.00016673699
0.00016676
0.000166611
0.000166723
0.00016654401
0.00016648399
0.000166559
0.00016654401
0.000166328
0.00016638001
0.00016656599
0.000166447
0.00016638001
0.000166454
0.000166618
0.000166313
0.00016663301
0.000166454
0.000166514
0.000166432
0.000166253
0.000166454
0.000166529
0.00016629
0.00016646901
0.00016638701
0.000166663
0.0001667
0.00016673699
0.000166477
0.000166663
0.00016663301
0.000166328
0.00016654401
0.00016638001
0.000166313
0.00016638001
0.00016648399
0.00016630501
0.000166656
0.000166693
0.000166492
0.000166395
0.00016663301
0.000166603
0.000166559
0.00016667
0.000166529
0.000166529
0.000166663
0.000166425
0.000166395
0.00016667
0.00016648399
0.00016662601
0.000166283
0.00016635
0.000166507
0.000166432
0.000166603
0.000166596
0.000166536
0.000166246
0.00016656599
0.000166492
0.00016638001
0.000166454
0.000166581
