0.000196972
0.00019715801
0.00019699401
0.000196972
0.000196964
0.00019695
0.00019706901
0.000197106
0.000197046
0.000196875
0.000196234
0.00019578
0.000194498
0.000193366
0.000192077
0.00019125
0.000191004
0.000190333
0.000189454
0.00018874599
0.000187703
0.00018631799
0.000184716
0.000183062
0.000181564
0.000179642
0.000177675
0.00017549899
0.000173719
0.000172214
0.000170664
0.000169636
0.000168727
0.00016812301
0.000167483
0.00016690099
0.000166588
0.00016672999
0.000166425
0.00016687201
0.000166507
0.00016671501
0.000166313
0.000166663
0.000166536
0.000166432
0.00016646901
0.000166588
0.000166611
0.00016663301
0.00016655101
0.00016641
0.00016656599
0.000166611
0.000166514
0.000166529
0.00016673699
0.00016667
0.000166603
0.00016672999
0.000166596
0.00016646901
0.000166529
0.000166417
0.000166439
0.000166492
0.000166581
0.000166507
0.000166574
0.000166641
0.000166775
0.00016664799
0.000166752
0.000166507
0.000166477
0.00016648399
0.000166507
0.000166328
0.000166536
0.00016667
0.000166693
0.000166439
0.000166507
0.000166693
0.000166559
0.000166432
0.000166365
0.000166685
0.000166581
0.000166439
0.000166454
