0.00019709099
0.00019723301
0.000196786
0.000197121
0.00019708399
0.00019707601
0.000197121
0.000196972
0.000196853
0.00019689
0.000197113
0.00019682301
0.000196339
0.000195802
0.00019460999
0.00019315
0.000191384
0.000189268
0.000186377
0.000183688
0.000181303
0.000179493
0.000177526
0.000176036
0.00017497
0.00017398701
0.00017334599
0.000172445
0.00017202699
0.00017135699
0.000170962
0.000170239
0.000169964
0.000169338
0.000168846
0.000168764
0.000168414
0.00016803401
0.000168086
0.00016789199
0.000167438
0.00016713201
0.000167445
0.000167035
0.00016648399
0.00016676
0.000166857
0.000166857
0.00016687201
0.00016681899
0.000166514
0.000166782
0.00016648399
0.000166521
0.00016672999
0.00016648399
0.000166656
0.000166693
0.00016656599
0.000166611
0.000166603
0.000166335
0.000166641
0.00016663301
0.00016646901
0.00016640199
0.00016655101
0.000166477
0.000166425
0.00016662601
0.00016640199
0.000166574
0.000166372
0.00016646201
0.00016646201
0.000166521
0.000166581
0.00016681199
0.000166432
0.000166529
0.00016655101
0.00016688601
0.00016640199
0.000166432
0.000166477
0.000166335
0.000166439
0.00016648399
0.000166507
0.000166194
0.000166529
0.000166499
0.00016664799
0.000166499
0.00016663301
0.000166574
0.000166514
0.00016656599
0.00016655101
0.000166439
0.000166603
0.000166574
0.000166261
0.00016640199
0.000166499
0.000166477
0.000166499
0.00016646901
0.00016648399
0.000166492
0.000166343
