0.000197113
0.0001973
0.000197441
0.00019715801
0.000197866
0.000197292
0.000197412
0.00019709099
0.00019739701
0.000197263
0.000197121
0.000197054
0.00019740401
0.00019721
0.00019700899
0.00019721
0.00019676299
0.000196547
0.000196361
0.000195906
0.000195392
0.000194714
0.00019401401
0.000193031
0.000191935
0.00018978999
0.000188106
0.000186176
0.000184291
0.000181847
0.000179925
0.00017764499
0.000175708
0.00017415801
0.00017308501
0.000171633
0.00017085001
0.00017011299
0.000169569
0.00016878601
0.000168161
0.000167483
0.000167401
0.000167438
0.00016679701
0.000167319
0.00016689399
0.000167438
0.000166805
0.00016705001
0.000166909
0.00016648399
0.000166335
0.00016696801
0.000166723
0.00016687901
0.00016672999
0.000166507
0.00016672999
0.000166596
0.00016662601
0.000166596
0.00016681199
0.00016681899
0.00016681899
0.000166782
0.000166678
0.000166946
0.00016672999
0.0001667
0.000166693
0.000166499
0.00016655101
0.000167006
0.00016663301
0.000166805
0.00016681199
0.000167244
0.000166574
0.000166939
0.000166685
0.000166849
0.00016621601
0.000166492
0.00016676
0.00016722899
0.00016676
0.000166439
0.00016667
0.00016655101
0.000166328
0.000167028
0.00016671501
0.000166529
0.000166857
0.00016690099
0.000166745
0.000166618
0.00016673699
0.000166745
0.000166581
0.000166909
0.000167006
0.000166246
0.00016696101
0.00016695401
0.00016648399
0.00016663301
0.000166924
0.00016705799
0.00016667
