0.00019741899
0.00019739701
0.000197218
0.000197382
0.000197099
0.00019733699
0.00019721
0.000197218
0.000196771
0.000197046
0.000197285
0.00019725499
0.00019721
0.00019725499
0.000197263
0.000197121
0.000197039
0.000197181
0.00019695
0.000197099
0.00019689
0.000196771
0.000196622
0.000196421
0.00019601799
0.000195452
0.000194707
0.00019386499
0.000192584
0.000191146
0.000189529
0.000187532
0.000185319
0.00018324101
0.000180797
0.00017878501
0.000176677
0.00017467199
0.000173532
0.00017202699
0.000170813
0.00016994899
0.00016936001
0.000168667
0.00016819
0.000167915
0.000167773
0.000167334
0.000167401
0.00016687901
0.000167155
0.000166827
0.000166775
0.00016667
0.00016690099
0.00016662601
0.00016670801
0.00016663301
0.000166693
0.000166603
0.00016679701
0.00016690099
0.00016655101
0.00016681199
0.000166723
0.000166499
0.00016664799
0.00016681199
0.000166775
0.00016671501
0.00016681899
0.000166663
0.000166678
0.00016671501
0.000166603
0.000166439
0.00016664799
0.000166507
0.00016681899
0.00016655101
0.000166663
0.000166514
0.00016676
0.000166685
0.00016663301
0.000166864
0.00016676
0.00016672999
0.000166685
0.00016640199
0.00016664799
0.00016664799
0.000166723
0.000166782
0.000166536
0.00016679001
0.000166596
0.000166581
0.000166588
0.000166656
0.000166693
0.000166618
0.000166529
0.000166514
0.00016663301
0.00016667
0.00016673699
0.000166588
0.00016663301
0.000166611
0.00016656599
