0.000197277
0.00019732999
0.000197017
0.000196562
0.00019493001
0.00019152601
0.000186459
0.00018260699
0.000180655
0.000180298
0.000180506
0.000180752
0.000181266
0.000181519
0.00018128799
0.000180819
0.000179701
0.00017886701
0.000177325
0.000176371
0.00017531301
0.00017406901
0.00017278
0.000171245
0.000170157
0.00016951701
0.000168935
0.000168459
0.000167676
0.000167587
0.000167117
0.00016688601
0.000167088
0.00016672999
0.000166782
0.00016690099
0.000166611
0.000166723
0.000166752
0.00016676
0.000166588
0.00016688601
0.00016676
0.00016676
0.000166663
0.000166805
0.000166536
0.000166693
0.00016687901
0.00016681899
0.00016667
0.00016671501
0.00016688601
0.000166641
0.000166581
0.0001667
0.000166618
0.00016672999
0.0001667
0.00016664799
0.00016663301
0.00016664799
0.000166641
0.00016648399
0.00016673699
0.000166693
0.000166611
0.000166656
0.00016662601
0.00016689399
0.000166656
0.00016646901
0.000166685
0.00016667
0.000166656
0.00016676
0.00016687201
0.00016676
0.000166857
0.00016663301
0.000166685
0.000167021
0.00016667
0.000166536
0.000166745
0.000166663
0.00016655101
0.000166611
0.000166864
0.000166574
0.000166611
