0.000197352
0.000197456
0.00019723301
0.00019732999
0.000197203
0.00019721
0.000197263
0.000197352
0.00019727
0.00019700199
0.00019698701
0.000197113
0.000197039
0.000196957
0.000197024
0.000196637
0.000196205
0.000195862
0.00019525101
0.000194565
0.00019318001
0.000191935
0.00019064599
0.000188739
0.000186645
0.000184723
0.00018235399
0.00018012599
0.000178316
0.00017638601
0.000174471
0.00017308501
0.000171871
0.000170873
0.000170157
0.00016903999
0.000168675
0.000168324
0.000168146
0.00016764599
0.000167438
0.00016729601
0.000167334
0.00016712501
0.00016688601
0.000166834
0.00016704301
0.00016689399
0.00016696101
0.000166849
0.000166775
0.00016681899
0.00016662601
0.00016681899
0.000166693
0.00016679001
0.000166857
0.000166603
0.000166857
0.00016671501
0.000166849
0.000166521
0.000166782
0.00016679701
0.000166477
0.000166574
0.000166745
0.000166596
0.000166574
0.000166723
0.00016679701
0.000166559
0.000166723
0.00016646901
0.000166805
0.00016656599
0.00016656599
0.000166507
0.000166596
0.000166775
0.000166916
0.0001667
0.00016673699
0.00016688601
0.00016679701
0.00016672999
0.00016656599
0.000166596
0.0001667
0.00016687201
0.000166521
0.00016670801
0.000166805
0.00016656599
0.00016654401
0.00016681899
0.0001667
0.00016663301
0.000166827
0.000166864
0.00016676
0.000166596
0.000166395
0.00016676
0.000166611
0.00016676
0.00016690099
0.00016672999
0.000166536
0.000166685
0.000166596
