0.00019723301
0.000197113
0.00019724799
0.00019741899
0.00019734399
0.000197203
0.000197225
0.00019724001
0.000197181
0.000197277
0.00019733699
0.000197285
0.00019708399
0.000196808
0.00019616001
0.00019533301
0.00019378299
0.000191652
0.00018897701
0.000186295
0.00018406801
0.000181899
0.000179724
0.000178524
0.000177258
0.00017613301
0.00017581999
0.00017506001
0.00017441899
0.000173614
0.00017300301
0.000172392
0.00017202699
0.00017175201
0.00017159501
0.00017093999
0.000170507
0.00016985901
0.00016927101
0.000168906
0.00016836201
0.00016821999
0.000167848
0.000167825
0.000167594
0.00016752
0.000167199
0.00016705001
0.000167035
0.000167035
0.000166775
0.000166574
0.00016679701
0.000166805
0.000166507
0.00016672999
0.000166745
0.000166603
0.000166611
0.000166641
0.00016663301
0.00016681899
0.000166663
0.000166417
0.00016663301
0.000166596
0.000166611
0.0001667
0.000166745
0.000166663
0.00016679701
0.000166678
0.000166588
0.00016662601
0.00016640199
0.00016663301
0.00016670801
0.000166767
0.00016670801
0.00016681899
0.00016655101
0.00016676
0.00016664799
0.00016664799
0.0001667
0.000166685
0.000166924
0.000166685
0.000166417
0.000166946
0.000166656
0.000166864
0.000166775
0.000166723
0.000166618
0.000166685
0.000166596
0.000166581
0.000166745
0.00016688601
0.00016672999
0.00016679001
0.00016656599
0.000166432
0.000166611
0.000166611
0.00016656599
0.00016698299
0.000166767
0.00016672999
0.00016676
