0.00019319401
0.000190885
0.000187517
0.000183531
0.00017904599
0.000174128
0.000169017
0.000164137
0.000159287
0.000155286
0.000151441
0.000147969
0.00014520501
0.000142188
0.00013958001
0.000136808
0.000134409
0.000131764
0.000129306
0.000126728
0.00012459001
0.000122488
0.000120201
0.00011848
0.00011661
0.000114784
0.000113547
0.000112325
0.000111416
0.000110269
0.000109628
0.000108794
0.000108175
0.000107885
0.000107259
0.000107021
0.00010638
0.000106454
0.000106276
0.000106253
0.000106067
