0.00019766499
0.00019695
0.000197538
0.000197061
0.000196778
0.00019609299
0.000197024
0.000196368
0.000197136
0.000197024
0.000197203
0.00019689
0.00019707601
0.000197203
0.000197099
0.000196689
0.00019700899
0.000196972
0.00019708399
0.000197039
0.000196935
0.00019708399
0.000196853
0.00019691201
0.00019691201
0.000197032
0.000196815
0.000197032
0.000196875
0.00019698701
0.00019700199
0.000197113
0.000197128
0.000196786
0.000197106
0.000196972
0.00019716599
0.000196957
0.000197121
0.00019724799
0.000196719
0.000197188
0.000197121
0.00019700199
0.00019700899
0.000196979
0.00019690501
0.000197024
0.000196942
0.000197099
0.000196883
0.00019692699
0.000196972
0.00019674101
0.00019690501
0.00019659199
0.000196212
0.000195348
0.000194401
0.000192844
0.000191019
0.000188516
0.00018525201
0.00018192201
0.000178234
0.000174799
0.000170895
0.00016753501
0.000163929
0.000160993
0.000158043
0.00015504799
0.000152291
0.00014951899
0.000146256
0.000143164
0.000140273
0.00013692
0.000133933
0.000131183
0.000128143
0.00012526799
0.000122563
0.000120096
0.000117839
0.000115991
0.000114263
0.000112832
0.000111618
0.000110217
0.000109733
0.000108973
0.000108108
0.000107632
0.000107453
0.000107125
0.000106611
0.000106
0.000106216
0.000106097
0.000106208
0.000105657
0.000105657
0.000105501
0.000105672
0.00010553
0.000105419
0.000105821
0.000105642
0.000105396
0.000105389
0.000105195
0.000105404
0.000105441
0.00010521
0.000105389
0.000105322
0.000105173
0.000105516
0.000105352
0.000105203
0.000105262
0.000105136
0.000105285
0.000105307
0.00010521
0.000105009
0.000104987
0.000105151
0.000105449
0.000105136
0.000105143
0.000105173
0.000105225
0.000105322
0.000105374
0.000105069
0.000105121
0.000105307
0.000105203
0.000105285
0.000105314
0.000105188
0.000105188
0.000105285
0.000105329
0.000105247
0.000105374
0.000105262
0.000105381
0.000105106
