0.000194908
0.00019353699
0.00019154001
0.000189492
0.000186392
0.000183144
0.000179433
0.00017582699
0.000172147
0.00016895799
0.000165784
0.00016260199
0.000159399
0.00015670199
0.000153766
0.000150793
0.000147724
0.00014472799
0.000141435
0.00013850701
0.000135348
0.000132152
0.00012924599
0.000126504
0.00012370299
0.000121333
0.000118696
0.000117094
0.000115186
0.000113592
0.000112147
0.000110783
0.000110053
0.00010939
0.000108496
0.000108123
0.000107602
0.000107155
0.000106886
0.000106596
0.000106387
