0.00019700199
0.00019683799
0.000196719
0.000196585
0.000196212
0.00019583201
0.00019535499
0.00019492301
0.00019411099
0.00019319401
0.00019203201
0.00019095201
0.000189477
0.000188039
0.00018623599
0.00018481301
0.000182875
0.00018127399
0.000179724
0.00017779401
0.0001762
0.00017457501
0.000173316
0.000171975
0.000170731
0.000169598
0.00016866
0.000167527
0.00016690099
0.00016599199
0.000165419
0.00016473301
0.00016378
0.000163273
0.00016283301
0.000162193
0.000161656
0.00016091899
0.00016076201
0.0001603
0.000159987
0.000159384
0.00015886201
0.00015861601
0.000158095
0.000157514
0.00015711899
0.000156858
0.000156731
0.000156493
0.000155986
0.000155644
0.000155353
0.000154899
0.000154533
0.000154422
0.00015407101
0.00015397499
0.000153535
0.00015356499
0.00015317
0.000153028
0.000152946
0.000152708
0.000152797
0.000152447
0.00015240999
0.000152343
0.00015199299
0.000152052
0.000152023
0.000151777
0.000151792
0.000151605
0.000151866
0.00015181401
0.00015168
0.000151292
0.000151613
0.000151523
0.000151702
