0.00019403599
0.000193254
0.000192077
0.000191011
0.00018954399
0.000187845
0.00018602
0.00018377
0.000181549
0.000178912
0.000176744
0.000174263
0.00017164
0.00016912199
0.000166618
0.00016416
0.00016191701
0.000159697
0.000157663
0.00015554699
0.000153498
0.000151851
0.000150063
0.000148461
0.000146807
0.000145354
0.00014398299
0.00014240399
0.00014133799
0.000139781
0.000138209
0.00013709901
0.00013585501
0.000134581
0.000133225
0.000132033
0.000130967
0.000129559
0.000128322
0.000126892
0.000126005
0.000125066
0.000123822
0.00012262999
0.000121408
0.000120163
0.000119582
0.000118644
0.000117653
0.00011658
0.000115857
0.000115253
0.000114657
0.000113793
0.000113115
0.000112258
0.000111849
0.000111305
0.000110865
0.000110232
0.00010977
0.000109584
0.000109211
0.000108853
0.000108406
0.000108399
0.000108079
0.00010784
0.000107691
0.000107401
0.000107117
0.000107073
0.000106693
0.000106559
0.000106514
0.000106492
0.000106402
0.000106276
0.000106082
0.000105836
0.00010597
