0.000195802
0.000195459
0.000195072
0.000194521
0.00019370099
0.000192785
0.000191757
0.00019079501
0.000189372
0.00018824
0.000186914
0.000185736
0.000184075
0.000182257
0.00018078899
0.00017912799
0.000177429
0.000176185
0.00017448601
0.00017281
0.00017126001
0.000169666
0.00016811601
0.0001667
0.000165463
0.000163794
0.000162275
0.000160725
0.00015951799
0.000157968
0.00015712601
0.00015498001
0.000153587
0.000151948
0.00015065901
0.000148871
0.00014752201
0.000145853
0.000144155
0.000142501
0.000140869
0.00013926
0.000137859
0.000135892
0.000134342
0.00013247201
0.000130885
0.000129589
0.000128114
0.00012660099
0.000125081
0.00012344201
0.000122347
0.000121274
0.000120134
0.00011924
0.000117742
0.000117004
0.000116058
0.000114963
0.000114233
0.000113681
0.00011284
0.000112296
0.000111655
0.000111208
0.000110575
0.000110075
0.000109777
0.000109315
0.00010907
0.000108727
0.000108324
0.000108168
0.00010784
0.000107691
0.000107378
0.000107319
0.000107162
0.000106581
0.000106954
