0.00019353
0.000190855
0.000187472
0.000182704
0.000178338
0.000173801
0.00016929999
0.000165501
0.000162312
0.00015936101
0.00015662699
0.000154407
0.000152067
0.000150026
0.00014782
0.00014571899
0.000142866
0.000140556
0.00013800801
0.00013535599
0.000132688
0.00012965599
0.000127115
0.00012421
0.000121452
0.000119173
0.000116535
0.000114754
0.000112802
0.000111484
0.000110053
0.000108935
0.000108056
0.000107259
0.000106559
0.000106477
0.00010591
0.000105657
0.000105486
0.000105359
0.000105367
