0.00019382
0.00019201
0.000188322
0.00018398601
0.00017955199
0.00017464301
0.000170664
0.000166663
0.000163169
0.000159883
0.000157141
0.000154697
0.000152797
0.000150167
0.00014761899
0.000145585
0.00014323099
0.000140616
0.00013759101
0.00013511001
0.000132912
0.000130021
0.000127056
0.000123651
0.000121564
0.000119582
0.000117168
0.000115544
0.00011284
0.000111543
0.000110157
0.000108995
0.00010787
0.000107162
0.00010629
0.000106417
0.000106268
0.000105545
0.000105627
0.000104882
0.000105642
