0.000195705
0.000194081
0.000191727
0.000188292
0.000184291
0.000179344
0.000174523
0.000169993
0.000165545
0.00016200601
0.000158899
0.00015612
0.000153602
0.000151538
0.00014910199
0.000146911
0.0001449
0.00014264999
0.000140385
0.000137717
0.00013519901
0.00013242
0.000129954
0.00012718199
0.00012459001
0.000121736
0.000119366
0.000117347
0.000115231
0.000112951
0.000111618
0.000110455
0.000109211
0.000107922
0.000107468
0.000106834
0.000106328
0.000105933
0.000105925
0.000105605
0.000105553
