0.000195147
0.00019388
0.000192263
0.000189588
0.000187092
0.000184209
0.00018136999
0.000178599
0.00017638601
0.00017415101
0.00017158801
0.00016974
0.00016787701
0.00016588801
0.000163698
0.000161634
0.000158899
0.000156314
0.000153393
0.00015009999
0.000146986
0.00014338701
0.00013966201
0.00013616
0.000132204
0.00012873999
0.000125156
0.00012178
0.000118517
0.000115887
0.000113637
0.000111729
0.000109762
0.000108488
0.000107654
0.000106916
0.000106208
0.000106022
0.000105687
0.000105717
0.000105441
