0.00019533301
0.000193627
0.000191459
0.000188679
0.000186385
0.000182719
0.00017954499
0.000176788
0.00017424001
0.00017191601
0.000169815
0.000167363
0.000165337
0.000163444
0.000161515
0.000159287
0.00015620999
0.000153751
0.000151196
0.000148037
0.00014463199
0.000141458
0.00013774
0.000134231
0.000130639
0.000126996
0.000123733
0.000120543
0.000117511
0.000115201
0.000112959
0.000111148
0.000109084
0.000108615
0.000107311
0.000106767
0.000106082
0.000106112
0.000105687
0.000105642
0.000105307
