0.000196532
0.000195892
0.000194975
0.00019320199
0.000191026
0.000188814
0.000186146
0.000183293
0.000180506
0.00017828601
0.000175753
0.00017367399
0.000171483
0.00016994899
0.000167669
0.00016565699
0.00016372
0.000161395
0.000158475
0.000155956
0.00015288701
0.00014935499
0.000145988
0.00014218
0.00013842501
0.00013472199
0.000131034
0.00012732401
0.000123986
0.00012029
0.000117474
0.000114762
0.00011243
0.00011094
0.000109099
0.000108131
0.000107341
0.000106626
0.00010638
0.000105821
0.000105776
