0.000200451
0.000200332
0.00020015299
0.000200571
0.000200451
0.000200511
0.000200451
0.000200511
0.000200511
0.00020086901
0.00020080899
0.00020069
0.00020104701
0.00020104701
0.000201107
0.000201167
0.00020104701
0.00020128601
0.00020146499
0.000201107
0.00020128601
0.00020128601
0.000201405
0.00020128601
0.00020146499
0.000201405
0.00020170301
0.000201763
0.000201584
0.00020146499
0.000201584
0.00020188199
0.00020146499
0.000201405
0.00020170301
0.000201584
0.00020188199
0.000202239
0.000201524
0.000201584
0.00020170301
0.00020188199
0.000202001
0.000202001
0.000201763
0.00020188199
0.000202001
0.00020188199
0.000201763
0.00020170301
0.00020170301
0.00020164299
0.000202061
0.00020170301
0.000201822
0.000201822
0.000201941
0.000202061
0.00020170301
0.000201524
0.000201941
0.000202001
0.000201763
0.000201405
0.00020164299
0.00020188199
0.000201763
0.000201763
0.000201584
0.000201763
0.000201584
0.00020164299
0.00020164299
0.000201345
0.00020170301
0.000201405
0.000201405
0.000201584
0.000201405
0.00020122599
0.000201167
0.00020122599
0.00020146499
0.00020128601
0.000200988
0.000200988
0.00020086901
0.000201167
0.000200988
0.000201167
0.000201107
0.00020086901
0.000200988
0.00020063001
0.000200749
0.00020086901
0.00020080899
0.000200511
0.00020063001
0.000200451
0.000200332
