0.00019866299
0.000198544
0.000198604
0.00019872301
0.000198842
0.00019907999
0.00019866299
0.000199021
0.00019824599
0.000199378
0.0001992
0.000198782
0.000199617
0.00019914001
0.00019866299
0.00019872301
0.000199498
0.0001992
0.000198842
0.00019907999
0.0001992
0.00019914001
0.000198782
0.00019866299
0.000199021
0.00019890199
0.000198604
0.000198186
0.00019824599
0.00019872301
0.000197888
0.00019824599
0.00019830601
0.000197531
0.00019771
0.00019758999
0.000197531
0.000197412
0.000196935
0.000197113
0.00019699401
0.000196815
0.00019657701
0.000196219
0.000195981
0.000196339
0.00019609999
0.00019568299
0.000195564
0.000196339
0.000196219
0.000195445
0.000194968
0.00019526599
0.00019508701
0.00019508701
0.00019651699
0.000194908
0.000196219
0.00019657701
0.000195445
0.000195445
0.00019574301
0.00019568299
0.00019467001
0.000195385
0.000196219
0.000195325
0.000195862
0.000196279
0.000196279
0.00019609999
0.00019592101
0.00019574301
0.000196339
0.000196279
0.000195981
0.000196696
0.000196458
0.000196458
0.000196696
0.00019723301
0.000196815
0.000197412
0.000197471
0.00019723301
0.000197531
0.000197769
0.00019782899
0.000198008
0.000197948
0.000197888
0.00019830601
0.000198365
0.000197412
0.00019848401
0.00019830601
0.00019866299
0.00019890199
0.000198782
0.00019830601
0.000198842
0.00019907999
0.000198782
0.000199378
0.00019973599
0.000199438
0.00019907999
0.0001992
0.000199617
0.000198544
0.000199438
0.0001992
0.000199259
0.00019872301
0.00019973599
0.00019866299
0.000198782
0.0001992
0.00019872301
0.000198544
