0.000181251
0.00018194399
0.000182011
0.000182153
0.000181318
0.00018218999
0.000181974
0.000182339
0.00018216
0.00018260699
0.000182294
0.000182346
0.000182592
0.00018254
0.000182719
0.000183069
0.00018295
0.00018285299
0.000182637
0.000183211
0.00018299501
0.00018315901
0.000183397
0.000183419
0.00018333
0.000183315
0.00018339
0.000183874
0.00018374001
0.00018362
0.000183471
0.00018382201
0.000184
0.000183807
0.00018371
0.000183829
0.000183792
0.000183553
0.000184194
0.00018392599
0.000184112
0.000183948
0.000184537
0.00018392599
0.000183963
0.00018409701
0.000183449
0.000184366
0.00018433599
0.000184053
0.000183896
0.00018400799
0.00018409701
0.000183404
0.000184142
0.00018371
0.000183859
0.000184053
0.000184239
0.00018408999
0.000184187
0.00018409701
0.000183539
0.00018383699
0.000184053
0.000184209
0.000183799
0.000183486
0.000184075
0.000183732
0.00018310601
0.000183717
0.0001833
0.00018335199
0.000183151
0.00018376199
0.000183367
0.000183233
0.00018283101
0.000183144
0.000183211
0.000183337
0.000183218
0.000183211
0.00018318099
0.000182801
0.000182622
0.000182644
0.00018298
0.000182659
0.000182719
0.000182503
0.000182719
0.000182816
0.00018194399
0.000182622
0.00018193699
0.000181795
0.000181668
0.00018233201
0.000181497
