0.00019717299
0.00019717299
0.00019716599
0.000197061
0.00019724001
0.00019717299
0.000197046
0.00019723301
0.000196793
0.000197099
0.000196607
0.00019618199
0.000195638
0.00019411799
0.000192137
0.000189596
0.000186616
0.000183471
0.00018023
0.000176684
0.000173622
0.00017119299
0.00016871899
0.00016689399
0.00016522501
0.000164093
0.00016273699
0.00016175301
0.0001603
0.00015968199
0.000158967
0.00015846
0.000157692
0.000156836
0.000155979
0.00015530799
0.00015454101
0.00015363201
0.000153498
0.000153386
0.000153028
0.000152924
0.00015265599
0.000152254
0.000151933
0.000152015
0.00015166499
0.00015156801
0.00015150799
0.000151546
0.000151471
0.000151441
0.00015133699
0.00015156801
0.00015141899
0.000151352
0.000151143
0.00015131501
0.000151307
0.00015124799
0.000151389
0.00015140401
0.000151374
0.00015121
0.00015125499
0.000151389
0.00015124
0.00015098701
0.000151367
0.00015133699
0.000151322
